100 70.0
0 0
11 54
63 19
4 62
4 69
1 46
58 30
26 68
64 69
44 40
22 38
8 62
54 11
16 67
37 3
47 6
17 51
48 29
57 47
27 40
7 41
45 39
5 10
36 30
49 25
40 68
46 1
5 64
34 24
2 34
18 25
52 40
29 26
65 59
50 62
13 29
37 21
35 57
21 26
31 55
9 29
68 2
8 45
69 16
61 2
49 69
54 51
60 65
42 3
24 68
55 69
18 4
1 19
59 69
35 56
58 36
34 8
66 50
1 19
19 66
29 24
33 15
18 34
53 61
43 6
30 39
9 11
52 51
13 22
46 37
25 20
40 61
31 16
13 1
67 68
46 67
16 57
22 42
41 57
46 40
27 30
0 68
68 21
16 14
11 44
12 22
35 36
34 28
68 33
36 23
20 3
41 57
30 47
55 23
37 39
7 17
16 13
59 4
17 36
19 52
0
5
10
15
20
25
30
35
40
45
50
55
60
65
70
75
80
85
90
95
100
105
110
115
120
125
130
135
140
145
150
155
160
165
170
175
180
185
190
195
200
205
210
215
220
225
230
235
240
245
250
255
260
265
270
275
280
285
290
295
300
305
310
315
320
325
330
335
340
345
350
355
360
365
370
375
380
385
390
395
400
405
410
415
420
425
430
435
440
445
450
455
460
465
470
475
480
485
490
495
