1000 70.0
0 0
66 21
5 8
8 58
25 52
49 39
34 31
3 55
49 48
32 25
30 3
11 28
0 5
18 10
35 59
49 63
31 44
67 50
64 44
23 53
50 8
62 33
31 10
56 36
23 39
1 41
53 67
40 63
13 0
62 9
0 9
58 69
0 56
25 5
39 12
41 21
63 48
46 48
14 12
17 58
43 30
0 17
8 35
55 1
49 3
25 37
65 39
44 32
55 69
62 48
31 66
62 69
61 30
7 2
64 2
34 55
63 17
14 1
62 16
53 27
61 2
29 39
47 35
65 5
15 29
24 13
8 51
12 2
5 53
69 24
33 50
17 19
66 42
47 32
36 42
51 20
14 31
25 50
52 18
3 4
10 64
39 61
21 8
45 23
8 41
31 5
68 32
57 69
7 38
17 36
41 32
21 18
64 27
45 69
28 67
35 55
32 54
10 66
54 66
20 55
37 68
45 45
48 24
18 18
62 6
1 32
37 32
59 65
18 46
65 43
4 19
39 18
68 46
38 3
13 26
10 28
15 39
54 57
37 11
53 42
5 2
45 33
24 68
23 56
44 63
59 50
39 29
42 38
51 1
40 53
31 68
56 67
32 51
34 15
2 61
8 5
51 26
45 39
12 25
59 21
41 49
39 35
69 66
39 69
51 66
47 23
53 10
48 48
30 61
43 13
39 31
57 49
35 3
48 3
14 34
39 18
68 61
52 20
20 22
41 52
68 36
31 52
22 12
1 66
51 50
10 42
21 47
68 2
50 29
59 34
55 45
6 45
41 35
43 21
4 39
16 51
6 67
59 32
67 64
17 2
31 67
4 1
53 49
36 61
10 55
27 12
32 39
4 13
3 63
47 5
44 40
27 7
23 4
58 14
51 67
42 2
52 39
33 66
67 34
58 49
57 52
36 19
1 21
66 14
4 29
1 25
6 30
24 63
63 54
14 49
66 9
45 62
14 27
34 9
3 13
69 56
9 36
55 50
49 6
18 55
1 17
59 27
7 34
45 23
67 47
68 7
38 14
60 50
31 9
65 33
4 44
47 21
20 56
69 19
18 64
47 22
59 25
58 33
69 25
54 42
41 45
63 47
9 58
34 65
67 45
28 61
31 41
38 42
62 10
25 3
40 35
1 52
38 52
26 58
15 51
12 29
29 13
7 4
35 19
16 48
37 27
23 9
2 9
61 13
66 50
38 29
7 29
58 28
43 43
8 37
8 19
2 64
32 65
45 69
36 42
8 8
62 63
7 31
15 49
9 28
67 61
61 59
9 59
18 60
1 33
54 59
30 49
0 8
66 65
23 63
7 64
63 69
15 12
63 41
35 18
34 20
53 56
20 47
7 29
47 32
43 43
64 42
51 32
65 9
9 4
64 20
3 58
11 21
17 1
46 35
54 8
21 58
39 30
63 47
22 30
50 23
3 59
35 67
9 37
54 9
13 66
0 7
52 50
2 47
4 12
31 33
36 58
11 31
46 33
6 46
46 7
45 44
39 5
62 59
36 54
24 0
47 39
54 27
60 52
47 69
0 51
19 63
66 6
50 17
42 59
11 22
3 22
17 9
21 64
29 42
25 10
41 47
28 22
41 61
41 33
60 28
46 31
37 64
39 52
57 29
69 30
1 33
17 17
9 19
16 14
6 69
41 49
17 49
16 64
19 50
39 0
21 33
12 39
39 12
52 15
60 18
37 52
20 39
13 38
1 52
27 30
28 4
51 41
56 22
53 13
19 9
36 10
68 7
30 14
16 39
18 63
18 40
11 13
18 13
61 19
23 63
51 55
49 32
53 59
2 32
0 27
22 35
69 14
61 4
29 22
48 69
7 27
27 42
45 19
68 41
45 62
0 6
25 63
9 37
5 55
61 65
17 60
62 1
41 2
18 44
24 21
6 0
68 19
69 58
64 24
18 65
50 57
30 13
34 1
25 27
62 13
50 35
61 68
39 67
55 2
14 18
62 26
55 8
60 43
47 36
54 61
44 64
52 47
30 41
43 60
41 53
67 13
65 34
38 47
6 8
6 64
7 39
3 24
5 20
17 66
56 51
6 61
59 12
7 69
20 12
16 67
48 8
60 45
1 48
31 8
7 66
45 23
32 34
38 19
9 35
28 27
0 14
13 24
11 44
35 49
37 18
53 8
44 57
36 9
12 18
59 8
27 32
51 15
16 68
3 0
57 8
48 58
43 4
48 15
26 69
17 5
67 67
8 61
38 49
68 66
9 49
65 41
69 42
21 27
46 56
61 60
25 4
3 9
24 52
56 16
26 55
50 27
6 26
39 66
47 18
31 34
4 31
10 56
13 32
63 24
35 2
14 38
41 36
61 8
18 4
69 61
53 43
11 61
20 51
27 26
30 62
22 42
45 22
27 1
63 25
56 17
21 0
20 43
69 4
27 19
0 46
49 44
30 5
2 41
6 50
57 2
5 7
66 19
55 41
49 29
13 43
33 38
46 29
42 37
25 45
6 60
40 27
62 58
65 26
62 54
6 35
15 32
61 54
30 5
53 26
62 68
29 33
62 25
28 56
52 54
7 22
55 11
36 68
59 0
47 62
49 19
22 62
14 43
31 6
56 0
55 68
63 24
67 69
56 46
58 51
34 2
30 62
37 42
46 32
26 29
66 3
50 59
10 7
14 25
67 56
6 39
39 25
24 48
40 7
26 35
46 60
62 8
13 50
5 37
38 26
58 32
29 23
15 63
41 52
3 25
28 44
12 37
6 47
42 17
44 33
21 67
13 62
30 46
48 40
9 36
8 12
28 26
1 7
39 43
44 26
60 8
8 28
13 10
52 3
8 28
39 22
36 30
3 8
46 56
38 6
39 27
46 37
27 54
14 12
16 42
12 47
3 40
41 64
2 22
42 57
5 9
8 38
23 41
13 52
43 46
64 62
38 13
68 44
40 39
67 29
44 13
35 37
14 12
65 12
22 32
54 1
22 36
56 32
56 55
52 7
18 44
66 38
0 60
53 38
4 31
35 7
64 38
50 42
2 68
30 54
65 51
69 67
46 47
37 53
7 25
14 18
42 53
1 18
63 25
40 55
69 53
69 7
1 47
64 39
43 61
57 27
4 9
13 54
49 48
59 46
2 54
3 46
0 46
61 44
18 11
46 66
18 45
28 54
64 13
48 42
68 17
57 60
30 31
8 59
55 12
68 46
0 19
62 36
18 7
31 36
32 39
50 6
65 57
65 30
6 14
7 49
26 48
8 27
48 51
35 55
45 40
49 68
40 24
23 46
30 19
1 27
0 60
52 38
36 8
58 35
17 30
61 2
10 14
48 8
45 63
68 20
9 4
15 34
66 44
59 12
2 11
3 17
0 18
19 66
28 5
60 55
7 46
55 14
1 60
52 31
7 50
36 61
36 19
15 35
62 68
2 41
53 12
24 55
41 21
63 20
30 54
64 13
1 60
11 59
51 32
56 7
65 57
52 60
33 7
3 58
7 53
66 32
0 13
9 18
38 50
64 69
13 6
17 10
45 62
40 27
20 40
54 39
66 29
20 38
52 57
56 62
18 36
57 67
13 69
29 24
51 54
43 30
12 15
14 27
54 17
44 9
18 59
31 26
15 20
0 29
47 52
38 6
27 56
20 21
15 4
34 2
36 69
67 54
65 43
63 20
65 2
34 3
37 29
20 34
55 15
62 41
57 54
60 36
65 43
51 44
16 36
29 32
50 10
12 25
0 36
66 56
62 63
19 27
65 23
35 8
11 19
0 12
69 52
42 43
39 37
6 27
69 0
8 3
28 45
16 49
40 41
23 53
56 0
45 59
25 29
17 61
68 14
8 11
47 33
48 19
14 27
48 52
34 2
16 62
30 14
38 59
66 6
44 33
48 56
40 22
66 4
2 26
33 37
24 46
36 38
2 50
28 7
3 45
60 37
33 54
32 60
51 31
24 32
50 38
33 27
32 69
57 12
0 65
0 22
5 38
11 21
38 69
0 44
27 59
44 23
28 0
54 69
8 41
43 61
8 60
37 12
57 37
50 48
24 20
22 48
17 27
22 9
30 26
0 47
41 42
35 2
37 68
65 20
24 68
11 45
18 38
27 49
6 38
51 60
27 64
62 23
65 36
38 44
60 29
14 30
0 27
65 24
61 63
51 4
30 12
4 17
68 68
20 41
48 26
56 25
52 53
67 25
63 45
4 10
42 69
59 28
37 11
56 52
67 50
14 8
65 29
5 48
29 65
31 8
64 60
9 8
2 3
45 35
65 4
45 3
55 29
29 38
2 46
60 17
17 24
53 28
53 27
64 32
34 56
2 4
17 59
50 63
60 47
34 63
62 7
20 49
54 13
29 67
25 57
25 45
34 43
42 20
60 10
56 18
21 49
35 45
11 43
27 45
43 5
7 57
46 17
3 46
68 27
49 49
55 20
19 9
62 47
19 64
55 30
22 36
37 2
56 57
6 12
67 20
30 38
17 35
59 47
5 36
53 45
45 10
13 37
51 29
32 57
22 15
27 56
0
5
10
15
20
25
30
35
40
45
50
55
60
65
70
75
80
85
90
95
100
105
110
115
120
125
130
135
140
145
150
155
160
165
170
175
180
185
190
195
200
205
210
215
220
225
230
235
240
245
250
255
260
265
270
275
280
285
290
295
300
305
310
315
320
325
330
335
340
345
350
355
360
365
370
375
380
385
390
395
400
405
410
415
420
425
430
435
440
445
450
455
460
465
470
475
480
485
490
495
500
505
510
515
520
525
530
535
540
545
550
555
560
565
570
575
580
585
590
595
600
605
610
615
620
625
630
635
640
645
650
655
660
665
670
675
680
685
690
695
700
705
710
715
720
725
730
735
740
745
750
755
760
765
770
775
780
785
790
795
800
805
810
815
820
825
830
835
840
845
850
855
860
865
870
875
880
885
890
895
900
905
910
915
920
925
930
935
940
945
950
955
960
965
970
975
980
985
990
995
1000
1005
1010
1015
1020
1025
1030
1035
1040
1045
1050
1055
1060
1065
1070
1075
1080
1085
1090
1095
1100
1105
1110
1115
1120
1125
1130
1135
1140
1145
1150
1155
1160
1165
1170
1175
1180
1185
1190
1195
1200
1205
1210
1215
1220
1225
1230
1235
1240
1245
1250
1255
1260
1265
1270
1275
1280
1285
1290
1295
1300
1305
1310
1315
1320
1325
1330
1335
1340
1345
1350
1355
1360
1365
1370
1375
1380
1385
1390
1395
1400
1405
1410
1415
1420
1425
1430
1435
1440
1445
1450
1455
1460
1465
1470
1475
1480
1485
1490
1495
1500
1505
1510
1515
1520
1525
1530
1535
1540
1545
1550
1555
1560
1565
1570
1575
1580
1585
1590
1595
1600
1605
1610
1615
1620
1625
1630
1635
1640
1645
1650
1655
1660
1665
1670
1675
1680
1685
1690
1695
1700
1705
1710
1715
1720
1725
1730
1735
1740
1745
1750
1755
1760
1765
1770
1775
1780
1785
1790
1795
1800
1805
1810
1815
1820
1825
1830
1835
1840
1845
1850
1855
1860
1865
1870
1875
1880
1885
1890
1895
1900
1905
1910
1915
1920
1925
1930
1935
1940
1945
1950
1955
1960
1965
1970
1975
1980
1985
1990
1995
2000
2005
2010
2015
2020
2025
2030
2035
2040
2045
2050
2055
2060
2065
2070
2075
2080
2085
2090
2095
2100
2105
2110
2115
2120
2125
2130
2135
2140
2145
2150
2155
2160
2165
2170
2175
2180
2185
2190
2195
2200
2205
2210
2215
2220
2225
2230
2235
2240
2245
2250
2255
2260
2265
2270
2275
2280
2285
2290
2295
2300
2305
2310
2315
2320
2325
2330
2335
2340
2345
2350
2355
2360
2365
2370
2375
2380
2385
2390
2395
2400
2405
2410
2415
2420
2425
2430
2435
2440
2445
2450
2455
2460
2465
2470
2475
2480
2485
2490
2495
2500
2505
2510
2515
2520
2525
2530
2535
2540
2545
2550
2555
2560
2565
2570
2575
2580
2585
2590
2595
2600
2605
2610
2615
2620
2625
2630
2635
2640
2645
2650
2655
2660
2665
2670
2675
2680
2685
2690
2695
2700
2705
2710
2715
2720
2725
2730
2735
2740
2745
2750
2755
2760
2765
2770
2775
2780
2785
2790
2795
2800
2805
2810
2815
2820
2825
2830
2835
2840
2845
2850
2855
2860
2865
2870
2875
2880
2885
2890
2895
2900
2905
2910
2915
2920
2925
2930
2935
2940
2945
2950
2955
2960
2965
2970
2975
2980
2985
2990
2995
3000
3005
3010
3015
3020
3025
3030
3035
3040
3045
3050
3055
3060
3065
3070
3075
3080
3085
3090
3095
3100
3105
3110
3115
3120
3125
3130
3135
3140
3145
3150
3155
3160
3165
3170
3175
3180
3185
3190
3195
3200
3205
3210
3215
3220
3225
3230
3235
3240
3245
3250
3255
3260
3265
3270
3275
3280
3285
3290
3295
3300
3305
3310
3315
3320
3325
3330
3335
3340
3345
3350
3355
3360
3365
3370
3375
3380
3385
3390
3395
3400
3405
3410
3415
3420
3425
3430
3435
3440
3445
3450
3455
3460
3465
3470
3475
3480
3485
3490
3495
3500
3505
3510
3515
3520
3525
3530
3535
3540
3545
3550
3555
3560
3565
3570
3575
3580
3585
3590
3595
3600
3605
3610
3615
3620
3625
3630
3635
3640
3645
3650
3655
3660
3665
3670
3675
3680
3685
3690
3695
3700
3705
3710
3715
3720
3725
3730
3735
3740
3745
3750
3755
3760
3765
3770
3775
3780
3785
3790
3795
3800
3805
3810
3815
3820
3825
3830
3835
3840
3845
3850
3855
3860
3865
3870
3875
3880
3885
3890
3895
3900
3905
3910
3915
3920
3925
3930
3935
3940
3945
3950
3955
3960
3965
3970
3975
3980
3985
3990
3995
4000
4005
4010
4015
4020
4025
4030
4035
4040
4045
4050
4055
4060
4065
4070
4075
4080
4085
4090
4095
4100
4105
4110
4115
4120
4125
4130
4135
4140
4145
4150
4155
4160
4165
4170
4175
4180
4185
4190
4195
4200
4205
4210
4215
4220
4225
4230
4235
4240
4245
4250
4255
4260
4265
4270
4275
4280
4285
4290
4295
4300
4305
4310
4315
4320
4325
4330
4335
4340
4345
4350
4355
4360
4365
4370
4375
4380
4385
4390
4395
4400
4405
4410
4415
4420
4425
4430
4435
4440
4445
4450
4455
4460
4465
4470
4475
4480
4485
4490
4495
4500
4505
4510
4515
4520
4525
4530
4535
4540
4545
4550
4555
4560
4565
4570
4575
4580
4585
4590
4595
4600
4605
4610
4615
4620
4625
4630
4635
4640
4645
4650
4655
4660
4665
4670
4675
4680
4685
4690
4695
4700
4705
4710
4715
4720
4725
4730
4735
4740
4745
4750
4755
4760
4765
4770
4775
4780
4785
4790
4795
4800
4805
4810
4815
4820
4825
4830
4835
4840
4845
4850
4855
4860
4865
4870
4875
4880
4885
4890
4895
4900
4905
4910
4915
4920
4925
4930
4935
4940
4945
4950
4955
4960
4965
4970
4975
4980
4985
4990
4995
