15
20
30
45
80
90
110
135
155
175
190
215
235
240
250
265
280
15
15
30
40
50
105
115
135
155
175
190
220
230
250
15
15
25
35
45
60
75
100
120
130
155
165
175
190
210
90
120
140
160
190
200
200
230
230
260
275
70
70
105
105
120
120
145
200
200
200
70
70
70
70
105
105
120
120
120
180
90
150
180
220
260
300
360
400
450
510
550
590
610
650
680
710
750
770
800
800
30
90
120
170
200
230
270
300
330
380
440
480
520
570
590
640
680
710
720
760
20
30
90
100
140
190
220
240
270
310
380
390
440
490
560
560
600
670
670
206
341
452
528
599
676
747
793
882
933
1008
1058
1095
1053
1149
1194
1252
1280
1296
1306
38
193
334
468
579
649
722
799
855
908
972
1020
1080
1134
1164
1183
1222
1250
1297
38
183
324
461
571
654
729
815
877
913
966
1049
1095
1140
1188
1243
1275
20
50
80
180
240
320
410
480
580
670
800
855
920
1020
1100
1165
1255
1300
1360
1405
1465
1525
1590
1600
1655
15
20
60
110
185
260
335
470
495
595
650
750
870
990
1065
1105
1185
1245
1340
1410
1475
1530
1575
1615
20
20
20
80
140
140
240
340
340
430
550
620
685
765
840
955
1025
1160
1300
1320
1370
1435
1510
1595